-1.3497672934851528
.05795984530507004
-.11522122573961963
.14208111570663393
.17017582158650843
-.4498090511985099
.1462584953837841
-.6154941297141476
-.35055752240198157
-.55749597110994
-.033317003543433775
-.23604757679325172
-.16121209484674007
-.0061894289722653215
-.6115962417432024
.10267860365901807
.35578281699307
.3428863841078579
.11638052581814767
-.4976446042354043
-.34100578531255854
-.030262624939273192
-.2293890241574185
.0352205518454811
.15791718497764945
-.19527978268068832
-.0815867655585618
-.0509233807992576
-.2227142792454098
.16237638080934463
-.440166759379645
-.05587850155125324
-.34155050424270705
-.33039687934877066
-.5014110747699841
-.22498564578397978
-.5086042866104336
-.003451276702793964
-.45675905035819236
-.23610395783311589
-.011107475589138735
.640652187248439
.156955188737578
-.24187877894487567
.01642368643324315
-.5769311124105474
-.2027603535485174
-.32790585977409514
-.15065595131005569
-1.7913351451357815
-.10239775812521772
.402381277196657
.3465724005957049
-1.3893756139215527
-.35584910064793673
-.20034629077265828
-.5026524002632429
-1.0830145505158462
.08442502061765603
-.5174162654839942
.30043841998282966
-.4049747512113406
-.2544874417937442
-.461582357896882
.28805136331727643
.03584479651985501
-.31394390939190353
-.5405516362947876
-.7800978225702783
-.1397726445628271
-.29964147474557856
.2415355835454292
.08965152549100465
-.2147558884994211
-.15215592046885235
-.4097051033253369
.045826663116148025
-.041382622225015896
-.5960721343097716
-.4754696860119963
.0357452662228696
-.5809269632648317
-.7329111837950898
.07004937034726812
.19818737711213644
-.5329051898491313
-.5592798026722132
-.3659964634755621
-.01269495898062084
.31124339428766107
.06888933734698115
.15519697056921186
.28070768762344445
-.21882495400697086
-.25473735468336395
.193036955325656
-.12055334402955033
-.3626873213706376
-.6097451092778025
-.2024047903331327
-.028035344275087793
-.5181857236272803
.1390918722242319
.33853773479017524
.2894818877602054
.0001295786410360523
.2947044770481464
.0291389432563964
-.2917809076137102
.211725544268703
.05618444231122644
.2842918878866123
.033463718943193325
-.24097720734158548
-.23474332813207918
.3073651899022993
-.06157003854132357
.2924235106815202
-.40329805881854147
-.34782526199832564
-.39325238083566305
-.1673597741790935
-.365582439053479
.09923195169542211
-.5183591102745302
-.1394931552462067
-.019339563702167845
.05408816406805285
-.41237055697876607
.0258204497082435
-.22219483005880616
.20259656701161102
-.48430130884081296
-.42265535556642037
-.4048869153032237
.031851245210526236
-.06540409218431893
-.137411913862237
-.383152686367064
-.611373861474739
-.38283766720541573
.26673820977056845
-.3209006602529596
-.46486491693381776
-.4712795544795585
.2390171064579195
.2759482002492827
-.5245957256476499
-.31881863633941965
-.08622123605772168
-.6295427278909161
-.1349355848194289
-.6133771843274798
-.3758661287743467
-.2427041258145888
.07330171623832943
.0017934085801414063
-.4071979040088562
-.1184556264548277
.1706120000319637
-.4591394024072729
-.08276649047335176
.17944020183097067
.14416440894546415
-.1414387782426684
-.22893524296378345
.0391562351132491
-.19131816562833293
-.23284772157870495
-.5723273428780621
-.09477128064508611
-.29614091775152884
.1480157784763684
.11252504351596987
-.1299134330075309
-.38283482754585835
.16916341584129072
.15381381929651514
.19650517993323588
-.22316806816465143
-.21449218659102273
-.5528091075077981
.2958066780892319
-.21955908481734202
.23501646474895885
.12600737554043792
-.31917359004548435
-.014820518766296815
.039389209474398154
.18113254967139858
-.4942844039985789
.05588104409735064
-.24464210692139848
.16770794157909208
.2687229009589535
-.23430774964512943
-.01535666428233929
-.4560374697364527
.3354271707212969
.3191190495029114
.22966892242898582
.1028092726211344
-.05105392947028346
.1724621005476879
-.058823269673360185
-.3097686405057539
.09440664082548804
.03532558058647848
.16295435756619683
-.04472298242246944
-.29752367583797856
-.2269978739464698
-.07068040590542968
-.2586638566751663
.08087033203450496
.0005134771817498618
-.317849569292877
-.19750111137713114
-.5038614713472148
-.5139059104174094
.08952902321855392
.12799221893638266
.3224044615137394
-.5839073760484357
-.5780944140425154
.3154244501958244
-.42956036207555437
-.09282246072237159
-.301975243117846
.36235227737011483
-.1759807025951949
-.42162861735039137
-.5585565048586645
.3348637031072837
.0014326713414014019
-.04896468547022593
.31304032332576137
.11519109736872152
-.27655146253631113
.046325001751030145
.0480886376132627
3.105077661815262
-.02896873819055575
-.09671292669853833
-2.194947604197272
-.12287493538272734
-.6792992159186758
-.058270778984045736
-1.1947259921112094
-.3767896082004679
-.44211293690577275
-.03363547242935865
.036512456742778275
-.522901418076031
-.42736517908283966
.0826990846307227
-.11015931398753086
.25828551067369837
-.5793417036126066
-.5692411019374598
.2552062056629416
-.053058550483017025
-.026680752546491344
.06368977948341113
-.39418581574909767
-.058800093026857014
-.2843424726231241
-.2312814978237966
-.060550041371245256
-.18081624187729217
-.5092484897376004
.1818087655414086
.36846214239077335
.1700250770888007
.07900232605102901
-.10451993069702491
-.49171884148509276
-.24567963652580657
-.09662887310689836
-.15331491446579482
.11058423079458607
-.0026819800826346236
-.01137907777665409
-.5308946236880108
.06361624818539038
-.7558559163222847
.0625446738074232
-.018765941439647906
-.9936293710158032
-2.0862322520745322
-.9788396088379584
-.30364746386281855
.032678191274079366
-.6588257825405364
.02903236704376249
.6092919364257526
-.4833385007811652
-.15462605835623044
-.4375124372918853
-.40293288384638776
-.27559520621399275
-.26984516722086926
-.4433290315868255
-.33285098432784954
-.06411927363381896
-.37206496927314453
.026967928695662457
.28161379841304773
.05296436708296018
.34035976542553836
-.18082205724624292
.379434833373431
-.28928571960921146
-.5506475673357569
.2625614179677572
-.23168358022701008
-.14694738177495967
-.4357567928938473
-.50288246147398
-.21679503092620533
.16348350951735555
-.4481999236316538
-.5205644966945906
.22396660871492838
-.3839196182910537
-.16879570907369035
-.5528634273597434
-.19545324952665183
-.5149472658533314
.02161208490648731
-.5373104397111924
-.2193168065789102
-.35338860863518023
-.06027588486104789
.2864723131459112
.01742003249857687
-.07434360087481134
-.004487830477604267
-.21317538757524537
-.08384588034321969
-.2370844415935246
.22515060130113038
-.5593792382608066
-.4243766912811126
.08452277105593256
.07500390433199877
-.5966346698419513
-.44501780663858975
.06232596615790311
-.08871214348385374
-.3109814866347897
-.13324334066633944
-.45646907460803554
-.030271723346679113
.19710962726747916
-.22668878102564594
-.5011411733597618
-.018006857545246707
.09104281470116314
.37281012416779835
-.5244857180402881
-.28145849365296544
-.5726219456665022
-.1572733519630238
-.26070999743943657
-.09690061116477586
.027042561628705195
-.2759661600060079
-.023871916276051345
-.4378699623948729
-.3191724695032162
-.5015665218331999
.10039590105633239
.009657768851576319
-.3983633214812965
-.36665704880666505
.1288544098213782
.1237406177492928
-.5365936438382688
-.3225832266441804
-.7148137992777797
-.439966559293566
-.1690020345525631
-.044859035870362184
.018374930312023696
.11029188337005968
.1730639264008186
-.4845704438692547
-.38840453035688993
-.2534940603905907
.06432041540017466
-.5076265357069795
-.5707443240729576
-.1746859958380959
-.11506569020202051
.32067763234328134
-.38823636576385656
-.49112440852235917
-.4415409521376887
-.06314388537419013
-.29497392680288326
1.1999620853599564
-.47654407748676936
-.8585561121680738
-.06968109315714753
-1.0392638422526292
.8280123313158502
-.9769489424569737
.7251692222925331
-.8825219229722767
1.3783076478857412
.3551721830960633
-.4289947798741086
1.392181783290819
-.17642511146068063
-.32532481954888764
.00756965200530426
.27010021465472644
-.08317184697981819
-.11484293080870313
.2402533295317868
-1.0032992157543386
.3210092084316844
-.26826754799449537
-.3068278964723158
.4848600831669735
-.2110715546862647
-.7463695941114087
.38751056028795267
-.2717256915297803
.8959121931860922
1.1815305663660403
-.9243325735874741
-.569972913999434
-.3440992890950556
.5303490059559179
-.6220752767298158
-.42049375380241505
-.48249251499462015
-.28069549474922384
.7503877183066139
-.5743551727031193
.23875760252187653
.11794241564855965
-.3270978950700401
.11522169892485276
.07606747713089257
.17718986609705656
-1.0571087889787574
.2647495976873082
-.3305190986802967
.30331085823164516
-.6199439833835815
.35930619713758677
-.6041189177810358
.042143213975402896
-.25612170658267475
-.1794206112799092
1.4115708411289505
.5115415279929835
.6237218513949003
-.9920088611550602
-.2800365812480424
.2539151856012021
.4065893040429545
.1711111316088137
-.4160859297399646
-.26418150601776913
.06612726755117117
-.04931453411937704
.04374943235725572
.14450325578038625
.330996473902019
-.3082231205501908
-.061968761266348815
.23310341917925514
-.414341220793719
.2091512679064153
-.04151718445173889
-.49179308756178536
-.24006691278777262
-.06946954828258621
.046581620186288294
.0842284340665143
-.2518699802005201
.13326601604146748
.007714756259369161
-.5229111530719269
-.16833312541133078
-.06559544864677011
-.3263695914835117
-.02102841201240948
.36113655379186876
.2776996713612521
.06149147458019318
.10313927010020581
-.4926221124968516
-.13594453933182576
.018005021261754076
-.24142749946121528
.00019384010696448902
.3987921659589621
-.06552801210777953
.218412089218909
.23179217730483218
.018302139867952285
-.5122566277948072
-.3862160814012449
-.18246394736960952
.34671229885292537
.004585539098842409
.2023483159692625
.08777280717539
-.11914201646001747
-.42681811824913013
.39060776323843516
-.3291089108573153
-.15997548824958258
-.33649566899917993
-.15472056634052567
-.5554896890013509
.10031383328053757
-.2665980362112335
-.3244096310782366
-.336438380423429
-.3703318197572999
-.4165057144704404
-.4618410440303615
-.20267595180036727
-.20230476268956896
-.29385271573693966
-.6025203380720573
-.24070384114666732
-.34744573982105703
.0018081633967665439
.24806408875360642
-.27733096046944455
-.19083932266927775
-.18240789721172884
-.42149076555984183
-.23522413034226444
.202651596644561
-.21754988387945864
-.09572870343555923
-.34049507437647336
-.5458332527703111
.2859961597335197
-.59636889824378
-.6165557327042109
.029257686531433198
.036251029343661735
-.47532632985825607
.05770200955052532
.06796177249075079
.19456000492662487
.22983675790850652
-.37652275132231544
.062119526388471395
-.4500784541898309
.33191641270234107
-1.5842897526661541
-8.515328946397258
-.43811204449404256
-.18777712018703302
.10950886446723553
.8550803624477542
.488906894861234
-1.2176398561411084
-.030757547386610552
-.3215074432755635
-.13630904327182572
.37707360302464377
-.7111982123471515
.08247860509891573
-.122352589978998
.031093963516263316
-.23747496098937332
-.9217330219934865
-.2894234376661237
-.31039561190172854
.08635655204677765
-.3231203140619567
.049275166923381804
-.49132911781711985
-.4540344336468189
-.0843117947829115
-.23263179283455282
-.155481116180042
.2777427432702376
.36511493800204137
.18304657824783144
.13868335509102006
-.44684821966411004
-.2886586148580377
-.11312644393801204
-.3324779952795609
.34064705718263383
-.38075011808933235
-.1477052456579094
-.01948920450594016
-.1037247583314867
.6934213916281345
.21464600915014492
-.6606244810168975
.44234592292475317
-1.1193020194438075
-.041314096491648744
-.034957859175109886
.007114384634301348
-.24616141616484305
.09752833651781001
.21930871854050163
.41200898211185466
-.5031392187363702
-.0809931214782217
.12770573345678332
-.5255638350096534
.3165738211087476
-.14414788158580502
-.7200220503586753
.27964385437313055
-.7105012683734842
.12207335331034125
-.04810061532932792
.021968233382927645
-.26906374964605745
.2577723434419868
.5390183665755669
.10516048954038168
.12160071006365888
-.5884794666104619
.03933782603921389
-.11599741842382774
.0907473842041781
-.03989474042382574
-.15621500000525726
.060613254167414705
-.32747796729420764
-.184778128261848
.48294984084120984
-.314438763860431
-.15065353071547738
.49614409738785686
.6196084996734627
.12970621544444366
.12207294818012279
.11588286714895593
-.6337120472281379
-.009795121647260627
-.15647127058320814
-.016731877051303922
-.08135361476916392
.2885301384946217
.1624562193117728
.4038429208394975
-.2405846274736933
.30417329413467215
.27180023648046797
-.329104114060393
-.17396962772104785
-.30204722761764724
-.084773278025577
-.30545388890212466
-.1308628283735069
.20510959563756964
.49538431796640614
-.1018600751090344
.07608628666260839
-.21364189873452175
.31154327183647934
-.04907375782146152
.41964724263175585
-.18703474103417245
-.041508675379542656
.4434041820292668
.5558558741069044
-.4419020060726895
.14823401281370843
.5108809331347419
-.34207433052824365
-1.2962878467022017
-.4113820228199616
-.4281356615361574
-.5966053919755718
-.9347181815892907
-.38690339659476763
-.20090299739445602
-.5152484417424544
-.44627921578096214
-.3815630002908844
-.10577355747844315
-.5237127291648733
-.04354336323466175
-.41002196666279267
-.4615233123052491
.24484906085412145
-.05512813624353166
.1727944887731356
.27895027365288544
-.1772228803801043
-.2363100135505331
-.22278834488792712
.2628306695059697
.3396789404325752
-.6277101867532011
-.5251557309782734
-.1493740144319599
.0813298480202013
-.21724518665305065
.3797744512118354
-.2633018248616745
-.16021472656716076
-.34046683907213915
.04359229166638868
-.35475175694388633
.3623488588960028
-.2234338790321357
-.012614578236633475
.35047247591412384
-.2506944508899942
1.2955029870311532
1.5054060739540651
-.03806989610176167
.31574536811313775
-.48863953699931223
-.03617586256727341
-.2557356921607134
-.3075216576375905
-.5071833380345397
-.19055287438757196
-.733759185354406
-.23722162337965907
-.6254782853446611
-.43743855921822783
-.5316010498485206
-.1673675390311781
.061763393283714184
-.385077648717754
.3119510094383462
-.43337705673138016
.06417775032676919
.403052331951123
-.012709357475982307
-.5216504652946158
-.015980861365801218
.19364823812101936
.32862433898307264
-.1858033258225386
-.3555807322619164
-.27323217327507027
-.22118710695680688
.336034015823728
-.5228911798354486
-.43678773963077655
-.1481682153653503
.23977006641943505
-.5802756669867234
.3427668573649887
.03805641112571733
-.5441290238491457
.029353516116464782
.11951694219330085
-.1685658480790373
-.0883452288353756
.09566554760082444
-.14270966894075912
-.19607860832899332
.4007790338830635
-.0588233277721179
-.15469307500992566
-.21448865093636718
.7780108767694434
-.039310789914118585
-.08771163414177298
.10382765441231302
-.47747693955457465
-.12920873353335655
.7773225834795652
.11369917062436778
-.6062744550232083
-.2058805180706955
.05691533796274376
.23511778897906008
.5233114438446086
-.006286797339232106
-.42933795444892375
.005174236756593426
-.25828314449279866
.15798651930866367
-.17219453079394786
.06991990390822524
.1686134622370838
-.6429748267643121
.4162026080255386
-.04883595488685391
.14218719105524225
-.03671621316107596
-.3177917489565293
-.0722311181042282
-.5425431257825811
-.3195615569866208
-.12511078179037066
-.4513584390991789
-.1747990328251441
-.3973075141221747
-.3634435988506062
.046707542900711316
-.039547707645908044
.10609720701139656
.09899310266820184
-.5144696467209235
-.3805769843147084
-.19168717640849406
-.015840921804651714
-.10196540250147128
.08858010584133029
-.21310614495937463
.272203992949275
.34262379435041834
.24865437843543564
-.5471479500024381
-.2224206037098169
-.14193096744536293
.2644148749580621
-.20417415531760771
-.08359942214957342
.06739653820884427
-.402888138511345
-.17681190228789498
-.3835741176903553
.04130563905606992
-.521038282186375
-.4137442019666368
.03797775712696303
.36683702211441815
.20930376044806548
.042899198148614204
.4435140604642558
.33199612807542744
-.3907024824428934
-.3271912280351995
-.4428641605900954
-.14066953410040278
-.5028222618386715
-.5538183408163084
.24587106608851272
.17399782967636934
.07177143750834347
-.33180377338841355
-.110158303580043
.170718030515286
-.2430132304874058
.23515063020782145
-.18650942812679086
.07436145727608257
.07129428195953866
-.2971252887090756
.19776744085313397
.05372906330341433
-.1351337585779813
-.03183957212812676
.04861971977857946
-.5668235494448844
-.46199583321995646
.19088249305091723
-.6018633474790466
-.37852206457427706
-.2997972477663867
-.6139597379770859
.18045457230912526
.30842476110704864
-.08500104917035181
-.33004652189809897
.3104590479786881
-.36248679610061996
.08876556058249861
-.10602769037084624
-.0025718216741516813
-.18027213203467915
-.3670361966429687
-.7219312365254978
1.2320615282857696
.48854559278960746
-1.6189816117891984
-.05978895156962774
-2.8634444018129424
-.4535898647564493
-.5550848036749719
-.35624817816152515
-.41548882909804974
-.45557994675736474
-.40173299841565424
-.3278217494380207
.21206805260277528
-.27409264975957576
.28751271329801525
.06190337510840066
-.17567909624160835
-.24666755615260358
-.4089680662332421
-.36660925017822454
.21576241436727697
-.3914272815565835
-.44141017728742105
-.05662271363751396
-.1416892343868381
-.10407555984782571
-.1271040870055546
.03029284929712427
.3385212729947451
-.3619844382865427
-.1865018672416455
.24292378150068494
-.15000936219857378
.25699376250490213
-.1488425725706904
.025554183341415945
-.5006830009200605
-.07983455358943693
-.31084301344599213
.3541285083624751
.46668453728627063
-1.6097401159118887
.28387134410324927
-.6549292561192935
.4471868516937604
-.9141359057395143
-.13144897684529788
-.3900061592438241
.18892669460052341
-.3161019208828916
-.5989595389543412
-.0667987241490645
-.36282895371673474
-.5780693513047236
.05978040673134458
-.0664025381330672
-.15853710675132943
-.0024807416480852576
-.4338493036511422
-.010881219135599692
-.0063099232949554605
-.38048283513483744
.27803086590068254
-.6636742519487161
.14031297111761518
-.03672905408803385
-.26035492925126724
-.5363162421787419
.35815448013649864
-.38807459700062524
-.5879010734899248
-.16637007617523947
.22712039849869817
-.1985000429745442
-.5280575367836186
-.004839860336161419
-.0051973766527000234
.2918129433749996
-.3534008132588767
-.5017056937727727
1.1470178725940188
.2140662538355577
-.31798789876447237
-.9350303607596685
.48106242848031694
.19694405507931326
-1.1600244443942864
-.16325572132388944
-.6154234337112979
-1.2013010252075018
-.02519065849274653
.7247222902875818
-.3628088097100198
1.960779454641242
-.0813817951413097
-.6443912950064844
.7837553652394578
-1.0058053696035916
-.05769902719357176
.1952191555135041
-.2869079280224444
-.20631082922941904
.09302115855218387
-.49001171974904256
.040089427220099845
-.6219569398945165
-.6355150663074264
-.6104452935135533
.714779742622608
-.2666378597777798
.04985990995769072
-.04381576089404707
-.5982547614086137
.48160427097146163
-.7757033488319581
.07229988335037105
-.1184678490524694
1.1399150400592022
.19973195558783444
.2815593931333554
-.07948425650683673
.44354671904049353
-.4213920848277041
-.3955729858083328
-.7060907227186433
.30856993807601935
.5420815030396772
-.7672984659985436
.2659810593309848
.06573798730249342
.41465059164346557
.18966017389615028
-.08613581729378679
-.3077089370272701
-.04446729135163937
.2939068460061976
.33657182131622265
.15324456438710557
-.5018662612733356
.26766069630416317
-.6764036187517448
.3094264314717891
-.1620749070374817
.15464125912422844
-.7579266457000073
.37950192601374766
-.4500897776910706
-.04405326168909175
.06865034627685042
-.4536344862238448
-.015024772921683286
-.3642034743961649
.08301568403733367
-.005300362551688502
.07542201186346939
-.5231841784588717
-.37808078996103206
.03554845710862401
.9043365807501259
-.3884354891463408
-.62914078529515
-.29761313742803736
-.6080989842810159
-.14381809646191296
-.9550418108525869
-.1012754808755864
.021975202170731425
-.5623820422590033
.24973260521238747
.18325928234024344
-.4011189151356536
-.11250541242486675
.20643139386343232
-.5753639663649739
-.3224481696493034
-.009322448094929435
.1958102100549421
.26642858453608587
-.467327725125896
-.2453045451011426
-.42912153083754684
-.2848386364098325
.020897403449736177
.09660587993437478
.33889103959663736
.04177749460236672
-.3561857685708696
.1993966967393693
-.14391606190731737
-.09164992571049929
-.1965337647850664
.03104576510347117
-.37528624293155194
-.32868804832738413
-.3851349129524031
-.42568462715407296
.3989732675111957
-.3287726200706555
.1664040265743679
.1229934368547765
-.820471903960361
-.06086158797238265
-.48222695396674425
-2.0977542771257824
-1.2473831032664755
-.5658049698973195
-.9635386144782209
-.7696491552265325
-.5895081390286472
-.5795971176847694
.08520259196477556
.20179582459340908
-.22338540436265605
-.6964929319833807
-.6039193103547815
.11819124194082997
.1788669641748341
-.22581951857902297
-.19243813815711722
-.22026248159694578
-.3059833839704717
-.4195765874359435
-.05578447852162401
.24777672083915367
-.38521337348033174
-.1654127533792593
-.35470657433697134
-.4692087311795362
-.2526275665768973
.041126809708104256
-.2382698404827189
.14736135012814813
.0471661970647933
-.5739812315540708
.307241973456803
-.3174356121830411
.12482510127226709
-.06026341249713757
-.002705304525290492
.006563502748498069
.13783988612650713
-.2947751046414417
.02259344190310876
.11756029925795441
-.08843826500794981
.08291580898761129
-.5180543173461989
-.3994816141710063
.0077886034976154496
-.17583006622418357
-.2687856864346604
.2568872042861086
-.5556394801091029
.063137494378094
-.014419586239324425
-.04869247873073976
-.11135758861029368
-.3508019402604606
.12908659250319318
-.5639359512394329
-.204756847147016
.16293621154978213
-.18269104942191852
.3111947338231924
-.15887618632418046
-.2280539051761209
.10244327132009647
-.3612962912706826
.12789593977086383
.033568378249504635
-.48980984213707135
.057551147502957645
.23607891271978212
.3717668332526041
-.040941830027697995
.24784856407697764
-.29287037164572766
.41852620278399827
-.12269006095706327
-.12857256984527038
-.11962548106467703
-.5733941839556866
-.3316075696020859
-.06958221452310659
-.4447625123313263
-.5033226557713512
-.2634270064599225
-.16113804440873178
-.3323328812589499
.18940246516850387
-.5522183708657435
-.5920153640439488
.06929259798554545
-.5216232165034264
-.23256811782121659
-.3872312952081185
-.08458503066314386
-.36919022656050743
.08286947181644062
-.4501530633416542
-.04654891831747662
-.17385524542850356
-.39887843360363734
-.37909247372920307
-.05805286288890303
.18740462276948583
-.04627569071871003
.12810170192904996
-.4993926916287566
-.3707020198018055
-.6129367658985803
-.3144200328530014
-.13034789214350878
.3264878001597136
.3448834795826491
.04620028062060672
.28372067811138113
-.6086145536888771
.22073724104498518
.23887285928066937
-1.7238732771516327
.2682949118855993
1.202955093569593
.17196216484538038
.48429445771689794
.5893728334369176
.56380710662254
-.37976259966228504
.07592722202268022
.9165331583224409
-.788328098265197
.04278259575365202
.22058570096540264
.04366291352851137
.07111629697345673
-.2885358351421921
-.13008522863005625
-.47385959674261474
-.8037831339453185
.012474063130504897
.014179333504228345
-.8179067593764068
.7642919635650548
-.30935829623374667
.6792436533081676
.05063125374685632
.08049563108258995
-.05880799378116216
-.07839350438119504
-.0026492664222626354
-.39111505752256925
.3135442661052716
-.9847370114917597
.14264054860308628
.4734988055296575
.8127560595316622
.14413770885476854
.3963008097736915
-.5146330370638681
-1.3402925450046204
-.6716280745690951
-.7158266282585583
.7602923722387679
-.6661423845932746
.442927086731832
-.355625790065099
-.3579294764293414
-.20961306165315602
-.1665552632174058
.46338119167752334
-.22471195968867663
.5548577406475181
-.14027425097127458
.2661943397295816
-.04909484655853262
-.18104291868283795
-.6000602210023431
-.3533322870151356
-.3494285040624699
-.5447601958012297
.050152995198839895
.35131594212421635
.1214505658059665
-.6322625290188038
-.6280680804807769
.20263225965010026
.20680257952834008
.2237895171787745
.36397621737939573
-.01657059742572702
.4033273955947767
-.40899782924559913
.34577254893514187
-.04990628374449282
.6249156196928233
.32469057415428737
.01928105329558796
.6162987177091416
-.1232714475246383
-.1158770953655861
-.20821020023214862
.008243005196869074
-.4602222741393638
.04684493557276261
-.31249438117571027
-.21270166488025155
-.4309848289461851
.26324980968868983
.23052958676813323
.15676408377775933
-.04585247089176583
-.05230597168205906
.04121423269507956
.14141153064053097
-.07818195755138488
.19335349130027824
-.42289093159371094
-.27962326930948095
.005471991779662753
-.4938418913354018
-.24955814024900513
-.26191382274588676
.3287525608713797
.3633895656047655
-.47394209746581456
-.47041920498545836
-.3774138653460596
.08142581507248078
-.4262398088297269
-.12401744952285067
-.11989456174342787
-.03098253877174373
.31091495701827737
.2730942604232934
.4716490525286709
-.3169630022320002
-.3535749466099922
.38361296717070664
-.41125773611011474
-.12029117959958897
-.47502377820796227
.03746784914007492
-.4271153246772055
-.36297794237380654
-.4315502348432374
-.4493153353251833
-.40206013030821547
.18745696386029734
-.10611150098078469
.08160806337009148
-.010745058704861704
.07858837608754453
-.21072352732819888
-.39642835798563797
-.1300563733308404
.24068630266622335
.2704007477731409
-.0361734810539336
-.6052590585059211
-.41080061556245223
-.14824421705885382
.17349766169867517
.3215373177815263
-.464558637458437
.3374599236269422
.054599507850715955
-.4537501075860274
-.3702257095572331
-.04143163074497695
-.44557947697511463
.33895400979979784
-.5123479994839466
.07794997138394487
-.3865991025225787
-.42450391481668104
.14096867624184417
.09505865572001682
-.3110493910462935
.323595350206896
-.44785699272120516
.21090408678451056
.2053300114307581
-.1822679375342714
-.24422161328792197
.15508202837806084
-.18005709989329935
.3274273660300817
.13646329067936352
-.24081983447114566
-.3029947636212503
.2272045158135512
-.36684973151492667
-.5237056783258464
-.29771304133545046
.30084993306264207
.3275692105121195
-.16996045816394884
-.21871980883259323
.31571754291912024
.2546191364358226
-.30990092405022057
.13042769269953972
.05071700411370942
-.47456344073917806
-.42637276999216955
-.45606576601913407
.0430482134196038
.23173957148174198
.028459036144128914
.026790931987171106
-.49434343761476807
.09872040963643888
-.24677420826247895
.08931183298167249
.43079896802559087
-.2884912154280947
-.04278200680749914
-.04216070647977265
-.3784892533399504
.2534027921738894
-.22383902087981875
-.5569461687731101
.06150994423559793
.12167672664819858
.039997799827220445
-.1590559735692456
-.47245566961566116
.19807610067485323
-.30884637773199486
-.3436354803427819
-.10561423178752107
.26743726755444464
-.20774594323953577
-.1370616577260521
.32512263004773934
-.4608899527922424
-.40937496831727066
.21283071225004277
.06850099502907724
-.49112186117830964
-.5285862108914228
-.19842091488297722
-.48581818889928247
.16491924947923128
-.18967381761230512
.1757684125928871
.1847732157335105
.01651312066473985
.16895640132701348
.0015621455913590728
.09043525858795849
-.35938479292615255
.4077538668016179
.12474751329992166
-.37277396155768416
-.09289542516063473
.08404201156828055
-.2864644565088853
-.4409039873438889
.31517087804080185
1.4844985349892375
.057321560736093846
.732915125152922
-.06979630077274081
-.52395813655984
-.11952172851320045
-.25405350338430505
-.2781635056097851
.005232311452165544
.10538095531109168
-.13097006538040898
-.06883771081179425
-.42732757491025786
.35663516700287373
.28296299475726183
.13984410655244187
.09882845519525506
-.30987855660194247
.47275905076536145
-.44817851074057086
-.6788645107888086
-.5431001634602518
.3726201286694953
.2432456133966785
-.5799983032516406
.09175092507641121
-.3367948883675696
-.4543523703020445
.12468716875324848
-.37817980396129364
.7115475272403395
-.182843592027444
.11805010640521445
.4670107034280503
.77286264597517
-.19395870625690656
-.012302552134546849
.35213224238458657
.6139954254080763
-1.583569176599058
-.558199484096035
.38321987003841995
-.6858636140945915
-.8404669092609933
-1.1604545138680968
-.44583760012539897
-.5263026492473775
-.4750117558370217
.11016664505439458
.03184787666626635
-.12566754294717714
-.07914528667423744
-.11938113842714458
.26911994083417967
-.4411741521747509
.12626065398978428
.13792497698467843
-.26106561094900804
-.4908506676235236
-.33139088000153405
.2945880642643504
.3525167043278495
.2584200450747718
-.3775690344964679
-.3542142227222298
-.1361478778175618
.04804301803985895
.09348667944863366
-.32915343466766406
.07474232741288432
-.22826354092038795
-.5543745802004234
-.20120109273790984
.27611990081724935
-.06977539847072436
.2740965214591384
-.20829162725472886
-.35165587835196216
.3682469175164796
-.5562719728953234
.7138627016440614
.5170953867406882
.003894302273884084
.3440102942471922
-1.2638558392165764
-.8385020399680866
-.8154664623091847
-.27495920457502226
-.7368142919363895
-.030873069219058562
-.4029848259583596
.47791154434461114
-.20440331254941727
.5612577118009812
.3223571193608355
.2435275478525801
-.34500687034087596
-.7259957692521025
-.7880898411358765
-.655856122184414
-.1910249729170517
-.11529056851427838
-.11040466746010753
-.1653440062810845
.11269028529295669
-.34541476703823354
.11465428160025212
-.2610414660505724
-.08563100280234234
.17267080857171585
-.14148294487587942
-.07890956367369717
.1748478098225514
.2396410865265186
.7657162923691603
-.3741061202135555
-.3261359191596166
.5486215423159806
.08409602106729892
-.8432724616142121
.23733823584302732
-.11869613347046667
.07476244828862805
-.3521221262851512
.3712840471879001
-1.6026053750896079
.3023654035159331
-.816094123187839
-1.0974515919802605
-.1196769186512839
-.07438140994370528
-.48478287267616854
-.66830860800301
-.5063445064025991
-.6157486448700998
-.051622819743419736
-.026294684776503277
.009862921537976096
-.04200990493600296
-.7262406398535162
.12836935576509403
.240193393827417
.15332514879803869
-.11041462227203626
.16498494539315076
-.6959429429586401
-.017335320380910388
-.05609001462366207
.20364948452036444
-.14182123828939835
.04214256510810248
-.6519787610275203
-.12035090648081172
-.6706318638647275
-.1266245180871127
-.5215456849644404
.18147871045250974
.19750209098484092
-.2873992222539668
.7944297298155129
-.10535532777326798
-.5366280498117784
-.0464806872447987
-.44557269648992615
.3959945156232002
-.16201958098244776
.964794711694371
.1034572089300636
-.7889008498647989
-.2262788084589578
.12829861463810757
.6226927589459486
.8572123709247313
-.33101491032362845
.25148418758774277
-.42996619519652535
-.4557175915663765
.31156377691432346
.6587241084736636
.5259728015853135
.5871398864876402
-.012773348703058447
1.2726478043700749
-.0531453050285871
.6281774878832521
-.12655205799114072
.3155454540270228
.7100378332423186
-.5169768338677101
.4326662973249911
1.2351972628080783
-.7915802990696466
1.1901053202191132
-.12912109905920507
-1.0131355976073235
.5464756732812072
-.11755162447733243
-.27443722765418055
.5285130557361907
-.517047991972738
-.22603348962363806
-.31412740721741217
-1.4255897409475584
.2059724683438413
-.39657518612522036
.34359427348822674
1.213004919623005
-.09704125982496806
-.024968825872732855
.20134191642469118
-.5700334682848287
-.002872032364154614
-.7281927572467909
.4305019459172645
.11631216385632977
.15595551622947768
.1363812424397625
1.658200374855225
.5562526491548444
-.023022910151289135
.3308569580717652
.4586993101911934
-.31250587860888196
-.1777524028994635
.8394129370708289
-.09027114511807344
-.18821709944355713
.32892093221241286
-.8077483568185344
-.2397007557918581
.5759814853092702
.6155865428424532
-.05045459645122948
.36838042924864106
.4486177001369378
.1877678431642828
.20117242791738676
.2090906778823188
.2547003293753522
.51591020677794
.0781776644161653
.6152628351728607
1.4572727801259509
-.08142550612646883
.23223626259130412
.4663058785478724
-.5552979068537328
.5060557079545553
-.17197028219618504
.2755403001455542
.034860037870554535
.023729420177262657
-.1401196052389993
-.0615901552594282
-1.7226286555673624
.5341170169671402
.4874339440134684
.9310791600404099
.7417712698798341
.15425669555759763
.7575222933870943
.19768124749456614
.17627666136083894
.8658185324372442
-.21007149757526206
.20525204169812167
-.24509880928309447
-.1642326230016703
.3316277244480355
.7573075947414568
.28332943669265453
.8077360353765088
.13513044505169924
.6015910925864923
-.30975947230093537
.44471152601047326
.40396367260562693
-.002387368245757401
.8021285166654628
1.3436556592614823
-.17503659111495945
-.13761732252668052
-.37979008240920487
.2679838802361654
.7376032847574064
-.15000214329614076
-.0004375887786452252
.9131364524451461
-.6429540304930144
-.18482894962203789
-.10823487584960692
-.7575843976700867
.4246474781542936
-.0992520393077283
-.7383077719264685
-.19970326275262565
.2844006917323456
1.1726856233116438
.9243188489708098
-1.281552282076479
-.21529649286298658
.04088111277635501
-.307326499177203
-.13776955003457286
-.25318099899788526
-.5126120400776397
-.5264900025460226
.32212487416288205
.03285044286502422
-.014746538741690577
-1.3158444048968725
.08166408272900609
1.2631743642425501
.18893727637678517
.8706047636717712
.4390873210803036
-.1897147783449603
.3455551873501584
-.7493485958384014
.11037216291619215
-.29329710474132414
-.18368146877730251
-.2780767786240018
.3586264389065582
.7237708817269383
.5458873570517806
.09668080503531218
-.3428910941617837
-.07717795902523145
.2329417950266486
.21252862387157243
.2510204810287253
-.034974924662939354
-.121866032803127
-.1654484727398459
.1698068904781104
.16182451415107202
.2238536467202174
-.3935594465985813
1.0861838462726667
.36062250258204714
-.165898435864541
.9848723182798915
.12381414892676731
-.48379097865598675
.551770713579123
-1.7209698637044268
.5778324372470623
-1.7448115612457802
.35649752295710724
.69328430960471
-.2764995435503145
1.2550987744194664
.16281485381805735
-.7354540850208366
-.21872209341243887
.4025713445752576
.2845319978520788
.42169205461093834
1.591468101422852
.07292867120181973
.6634157185008663
.891651186525804
-.20276647290103886
.004581870401292467
.2316680403171309
-2.0497823782112192
.3147501217522853
-1.8959780343777257
.33101932271439855
.7336998815244876
-.2909212921028862
.9138857430155894
.39224415196459683
-.6941422770381783
.6863820456219893
.1810208275173727
.04926858153719728
.4159770283476949
.17248963519790234
.3254043776111464
.27216022537391227
-.03818399406120282
-.33745450341138516
-.06484127368112495
-.3565278347826693
-.24393853252408326
-1.2788587716960158
-.3296997676272423
-.2732470637062215
.3340818733427982
.4912668695775722
.40988575198328886
-.03243403413735822
.6169632895704589
-.08709921134627699
-.20555442566053006
.17712196473481728
.44910121509475254
.04690660381892237
.777068465248335
-.011823231391326874
-.7242799882317336
.5617439151861914
1.2847945229285753
.8953199571432516
.11362018143191557
.8999635423912884
-.0017669073375264812
.2453607882861382
.2938303281229542
.7117393364410824
.010815992098632375
.005722922329060464
-.5539063442374998
.6603481408815876
.12802546946295798
.7902180820094772
-.5349594835935699
1.1908645306223498
-.5475645151800737
.11163064498841407
1.5702568741277019
.08004334167784913
-.27448360603962363
.32651896193759267
.3554092833744459
.16508164682164292
.6652846595046124
-.020298516583079546
.270768637896031
-.2681811490679267
-.4926335139565333
.2922573695996263
-1.562744000528009
.2993500764730513
-.5907339031544943
.9926534645701637
-.14305150045238452
-.3386928865877223
.32767448302000124
.07370811364038561
-1.634036382198898
.0027414014153754485
-.4035405260703608
.38212133335487897
-.24647686500990582
.6060292304317442
-.261112865105178
-.39695186958530376
.7238612648410527
.9117105161489024
-.030194090135997692
.03643895834243489
.16144340657611822
.634382880922695
.49595892633636596
-2.1324765824603964
-.23073181416285446
.2599189705254415
.4708294536853913
.4555990441172118
-.44511560745697965
.21175288994586944
.7317291445742687
.20930156787739135
.006778810735961913
.14117366589852173
-.6540017432789423
.08186625658906693
.3094009743635582
1.0283810639122293
.38769389404335713
.8703592268350943
.35255831516898206
.8670491441477667
.36668388455225914
.47987435442402454
-.2530709335568774
-.24145208418734934
.5080439157992384
.3437512456344351
.2952030844742312
.38434027091435163
-.5114351453830308
-.24847058142381054
-1.029929887827808
-.28044403595150336
-.5440141567286307
-.17936538628871349
.523122937667801
.6269554175229156
.17316750965583513
-.19994530336077904
-.7631691438880305
.03431086272326534
.08488086229262735
-.18088194735369229
.17393769128919861
1.127221290327523
-.099737633427861
.10399937121895951
1.115336667933914
-.15991527641480038
-.8895680888526647
-.24267831143342491
-1.179633851912716
-.18603831492658165
-1.8168760026632202
-.3457423572245917
.07852995640174339
.49235266244796677
.3569601809853224
.5937428542123349
-2.020137361096242
.08143249632804825
.16224062904746042
-5.0620146978335345
.24804311889286496
.24861923148261109
.4611326470951999
.5875604487934799
-.1577863215039648
.4102217547246717
.004266122688433403
.25940423842935173
-.04282914063208183
-1.627122757248777
.21561461234962562
.5428332786235046
.1545447928566898
.26860099506382984
.25495609048028467
-.04486428213813544
.4987184824473825
.6917213722739385
.8615602966159037
.37898379960778594
.17950261181467905
.6213072771497121
-.01937429592854106
-.5986923256170946
.7220433213397651
.04850360435995837
-.7775363119117437
-.35347152366513535
-.33526871865473545
.07776150388793453
.5642929838309367
-.6063466443557973
-2.2951700110219115
-.3213079616430335
-.5981713247629014
.3000510975456916
.0828816746310241
.1685685243559452
-.04694604206765863
-2.3754666626548584
-1.70951694388608
.1457246412707512
-.42925905609598924
-.27421410368630983
-.13265756938807138
.14352810733111107
-.4046967074855218
-.1762333771440022
-1.1230534853884446
-.027035281604834333
-.40133108741165713
-.009656396429579276
.20720343755433152
-.14857124639542119
-.8768391791186015
.1193969284350924
.3019957281540576
-.21235255706728517
.5177187374011694
.8913440960005147
-.31624535094893574
.055099078783251626
-.03860802509521006
1.4002539739701205
-.44770409384620347
1.7141809754120505
.4884352422823952
-.4217075132318526
1.5339236170984347
-.288831820078391
-.3207623314852593
.8481795428220505
1.36514977103272
-1.3251499503211384
1.7483865226613737
.9777443258926972
.6732789003393735
-.07419325902317549
.8523255530160362
-.28579438668081053
-.40673036779488503
.8547075931741382
-1.131541145434301
-.6058515388411169
1.2047595797061526
-.3395265907700476
.8148286803189719
-1.3539844468601396
-.5278576128010293
1.8494243375166992
1.9927059709041197
-.36979596620027416
-.46294543614865935
-1.6598157834825473
1.571108406385433
-.3420977622276204
-.5010154632187864
4.723167867252818
-.21022599675576
-2.2917073941570556
.8488542497429347
-1.268650678867249
