-1.500011037883881793e+00
5.348685422786666078e-05
1.255025598915187158e-05
-6.329305996763503247e-04
3.904470373447372581e-04
1.710792132187515505e-07
-4.631224225883608162e-07
-2.848870241228943208e-09
2.463993307913368902e+00
-1.346469296331453402e-01
6.047344676402632846e-01
1.963448845489927930e+00
3.664185349314886597e+00
2.974110346561592344e+00
1.233357262837974755e+00
9.284159524106208039e-01
8.473833861532806266e-02
2.706078976900744060e+00
1.747233476152549869e+00
-6.340027527786336325e-02
3.089927927226022497e+00
2.051769051215452055e+00
-7.761509986681772721e-01
2.262355266183498914e-01
-1.072929001608617039e+00
-4.101224455301693439e+00
3.247731048800238107e-01
3.657756479613939460e-01
2.825003856311502304e+00
-2.352155155764920624e-02
-3.243468935304074513e-02
1.743423009464467599e-01
-6.031305562144069210e-01
-1.603339004022204528e-01
-1.360637327338759084e+00
-1.563731636607413211e+00
-1.850671636386044039e+00
-6.232559352801790853e-01
2.650432563551966325e+00
2.557761624672748813e+00
2.153400320004545510e+00
3.336359496619393461e+00
9.724207281624722699e-01
1.895169283379512848e+00
0.000000000000000000e+00
-1.513982163334916198e+00
7.112681769351757444e-01
2.793189133884860786e-01
2.775938401544293943e-01
-4.956229773939906935e-01
1.828083269361321928e-01
-5.212341630566126316e-01
-8.225101245353722001e-02
6.540209002817895190e+00
2.547796354646529871e+00
1.629564301716895924e+00
6.679377987268710903e-01
-5.783824924281590896e-01
-9.320695204608597795e-01
-3.958042830838193193e-01
4.269477553061311603e-01
5.245925148364481982e-01
-1.204115360871058860e+00
-1.416738810326940989e-01
1.504694237710111793e+00
0.000000000000000000e+00
-9.731539502390670338e-01
-1.515902357896812491e+00
2.037802245145656332e+00
-9.622425354199896086e-01
7.681995466179636356e-01
-7.126486334962227609e-01
-1.015213825490993704e+00
0.000000000000000000e+00
2.594228198528682139e+00
1.787289590065250566e+00
-1.431107627317787512e-01
-8.151196960739341968e-01
3.098240766541228819e+00
3.386560077991808693e-01
1.545459355437066584e+00
4.496722215818757702e-03
0.000000000000000000e+00
0.000000000000000000e+00
1.252563208983428877e+00
3.531299775176496958e+00
1.553343102740738946e+00
-2.122766224524375578e-01
4.183769327071496513e-01
4.202851386196245764e-01
6.803163338761079038e-01
1.153810446862995054e+00
6.057131406404101526e-01
2.393800975411533472e+00
3.015367915363416085e+00
-1.065798834451120225e+00
2.466410857003564328e+00
-5.833973661022288093e-01
2.708185744110055193e+00
3.505958869201268424e+00
2.551504913234433847e+00
1.219696812019762877e+00
-3.203128126270395754e-02
1.415256544323435950e+00
6.803409159596792710e-01
2.092921465069005560e+00
9.717066748620908356e+00
2.311800454978182984e+00
-1.883563960496532852e+00
-2.230848235938103219e+00
-1.053488106252705947e+00
-1.134584218747469730e+00
-1.530872198795864003e+00
-1.575131293523142739e+00
-1.639769765207542251e+00
-1.954496005371079814e+00
-1.384264392594776405e+00
-2.760987241139864157e+00
6.849028614730713338e-01
2.293761994861346576e+00
-4.088663977868103316e-01
-1.273561863849285380e+00
-7.881091261558117456e-01
-5.263935540641655475e-01
2.771349784901232516e-01
3.617308998487670513e-01
2.353620078434056906e-01
3.990243320237912839e-01
-5.895730137395748249e-01
-7.308278541099187953e-01
-3.066020033100219089e-01
-1.011593456539909397e+00
-9.383018137860519303e-01
-9.766711570936214004e-01
0.000000000000000000e+00
-2.446917603485176673e-01
-6.074107705856297557e-01
-1.845664118447572499e-01
-9.320837327028999586e-03
-5.810761039668737027e-01
-9.205023622336652167e-01
-3.358250387457323294e-01
-1.132774509248387407e+00
-1.499310216239609472e+00
2.760008369448978094e+00
-2.485419727083518215e-01
-1.310320672250949059e+00
-4.273315943414628948e-01
-7.024537318137863418e-01
-3.317240873187791150e-01
-8.369482133063619322e-01
-1.315107187704003477e+00
1.214936690573503508e+00
-2.270141582454391127e+00
4.086385589135322488e-02
-5.327116078111853170e-01
0.000000000000000000e+00
-7.690759952565132673e-01
1.066907211601528516e-01
-1.548019082394667123e+00
3.208935145166310621e-01
0.000000000000000000e+00
4.838100576172344458e-01
1.641467501279592067e+00
-1.869386484295778583e-01
0.000000000000000000e+00
0.000000000000000000e+00
2.545861817300433816e-01
2.264214691372961052e-01
-4.450160095049465747e-01
-7.311471939767050232e-01
-5.525289832078024155e-01
4.979879523574394784e-01
-1.014381079129601737e+00
1.773662907064742944e+00
0.000000000000000000e+00
-9.361459699127132605e-01
6.110973540507976809e-01
3.609307191123201086e-01
-3.900671390557253204e-01
2.624167221649520432e-01
5.430659490960235841e-02
2.213522929415664142e-01
-5.829600735030716629e-01
3.697689084406139970e-01
1.915581948073268315e-01
1.120277530327504989e+00
7.792627199665317361e-01
3.644150404196669357e-01
-4.123079589401525413e-01
-6.285323658364332378e-01
0.000000000000000000e+00
-2.588975766294470682e-01
0.000000000000000000e+00
0.000000000000000000e+00
0.000000000000000000e+00
1.768805480546226327e+00
8.039347439282394925e-01
-1.366516571338185937e+00
-1.769516624850443254e+00
-6.103870790383579825e-01
-5.894300344945331283e-01
-1.970580451146249357e-01
-3.891277123362847368e-01
0.000000000000000000e+00
-2.661965921978262095e-01
2.192861967726290051e-01
-1.769132281044952348e+00
