1.995450759530446705e+00
-4.899272336656363737e-05
-1.636202373460060849e-04
-1.569095800215170337e-04
3.576314228595989312e-05
1.351683383686512561e-07
5.134839787019034341e-09
-4.924158645485252917e-07
-1.724587928996837771e+00
1.346109673101717252e+00
-6.793950605349206029e-01
2.989219053074329224e+00
2.368172170872224314e+00
0.000000000000000000e+00
5.263621715669656531e+00
3.872309292830632188e+00
-4.988524370218926918e-01
2.620966257876161443e+00
1.601045368209357278e+00
-4.348179206903112215e-01
1.103185316178127984e+00
1.421597008570465448e-01
2.405472867301244655e+00
1.043225192637876830e+00
3.502012793996661433e+00
4.537483480696399285e-01
0.000000000000000000e+00
2.187428701094019434e+00
-2.387545069680200027e-01
-4.533065084177780729e-02
-3.144572366134172903e+00
-7.248588031334701753e-01
8.983747145974154691e-01
7.994832754308385248e-01
6.223659067498531483e-01
0.000000000000000000e+00
0.000000000000000000e+00
2.194134567851893536e+00
-2.114255689788150594e+00
-1.754067136271620697e+00
-2.412602967595243619e+00
-3.019430105741323089e+00
-1.148904605106418675e+00
-1.239311837698619412e+00
0.000000000000000000e+00
0.000000000000000000e+00
0.000000000000000000e+00
1.121125120136047038e+00
-8.571315730977320246e-01
1.966313775805994535e-01
-2.846596566868250452e-02
0.000000000000000000e+00
-1.693970434245742895e-01
0.000000000000000000e+00
-1.413322894723784362e+00
0.000000000000000000e+00
-2.203420811803658452e+00
6.172335954926433388e-01
-8.172834693574345666e-01
-9.779650906594033327e-03
0.000000000000000000e+00
0.000000000000000000e+00
0.000000000000000000e+00
-8.768338075493945505e-01
0.000000000000000000e+00
-1.989265125455447203e-01
0.000000000000000000e+00
1.476731252366257241e+00
-1.970281024121098401e+00
1.538476247022449783e+00
2.157991641334605859e+00
-9.465159766055258883e-01
9.852012731573772664e-02
0.000000000000000000e+00
-2.247411253220999439e-01
-8.006344604592917635e-01
-2.903608635204476762e+00
1.760554507392899204e+00
-4.965885647420263949e-01
-1.290214448947035741e+00
8.774523254724516663e-01
0.000000000000000000e+00
0.000000000000000000e+00
0.000000000000000000e+00
-2.586642531252044547e-02
-2.842762473672359458e-01
-1.606031884699294920e+00
1.006738413169268487e+00
-3.123800025116186818e-01
1.808895304636200407e+00
-1.174703176304089380e+00
-4.351443157044307952e-01
-2.450931240720585436e+00
-1.476235626559931902e-01
-3.760963794563721985e-01
-2.197651553649660805e+00
-2.684141007306461990e+00
1.501775186952833963e+00
-1.202317242401231556e-01
3.391282852488267663e-01
3.271605553435116276e-01
4.457485439648579018e+00
0.000000000000000000e+00
1.654943036977890303e-01
-4.133831512807441613e-03
-1.412028076781440475e-02
4.119133161088899264e+00
4.069766448083350641e-01
-1.398823956862840445e+00
6.240942711717449853e-01
1.725945066510104153e+00
1.405027323075095147e+00
1.399903531448227767e+00
1.444897682546064210e+00
1.220804520308287788e+00
5.817253824098431725e-01
-1.657305041658398495e-02
4.122143335275785248e-01
-2.400837374155622705e-01
2.091254623885353325e+00
1.038745427631102780e+00
-5.225374174556274287e-02
2.435025972221215862e-01
0.000000000000000000e+00
1.302511488496053277e-02
2.147501201557746459e-02
0.000000000000000000e+00
-5.655075314936683917e-01
-1.773102485144907592e-02
6.178414926633266635e-01
2.293326679326212592e+00
2.836224938337880142e-01
0.000000000000000000e+00
-5.901572856170760328e-01
-2.164716872360031019e-01
0.000000000000000000e+00
0.000000000000000000e+00
-1.097744950061240843e+00
2.788217851595044539e-01
0.000000000000000000e+00
4.075141416289107532e-01
3.110765350879031388e+00
0.000000000000000000e+00
0.000000000000000000e+00
-5.031516802228483964e-01
0.000000000000000000e+00
0.000000000000000000e+00
-9.907403101121532440e-01
-1.464860201619983815e-01
8.019272776036112660e-02
-1.147456339862887420e+00
6.277383617421197215e-01
1.583712969755367794e+00
4.279752839258665342e-01
1.475505501608671111e+00
0.000000000000000000e+00
0.000000000000000000e+00
-7.253647916785023186e-01
-7.876025059566152398e-02
1.368509043916886769e-01
-1.524126017917234677e+00
-1.913203080662607136e-01
5.914722601971049709e-01
1.553142239439873062e+00
7.019724466545138597e-01
1.095487109232800016e+00
0.000000000000000000e+00
-1.000316614245472024e+00
-9.285929150917675567e-01
-3.695639657487257423e-01
-1.410715192684592667e+00
0.000000000000000000e+00
0.000000000000000000e+00
0.000000000000000000e+00
3.578468596441712890e-01
0.000000000000000000e+00
0.000000000000000000e+00
-2.215206317437364625e+00
-2.770366177349936621e-01
-5.289572121304144670e-01
0.000000000000000000e+00
0.000000000000000000e+00
-1.034540683905209590e+00
0.000000000000000000e+00
0.000000000000000000e+00
-3.129135601784023279e-01
0.000000000000000000e+00
-1.315553200145471280e+00
-6.719192846232110439e-01
0.000000000000000000e+00
-8.757075154236576564e-01
0.000000000000000000e+00
0.000000000000000000e+00
4.874974759353391529e-01
-9.571762816265476648e-01
3.177351576459395109e-03
0.000000000000000000e+00
-2.308526024334022431e+00
4.095651581650602280e-01
-9.103247228566690996e-02
-1.970034397541054264e-02
6.643889782748044759e-01
1.455087492516523362e+00
9.644396518746611857e-01
2.007221435585206937e-01
0.000000000000000000e+00
9.769333626954142084e-04
1.637669857836772103e+00
