-5.165857516886089851e-01
3.518304365630083567e-05
3.866410189207969837e-06
-4.985370368293669903e-04
2.054022951099234871e-04
1.486727049743346759e-07
1.070107533138526352e-07
-1.868026660267413658e-09
7.566909968556548849e-01
-1.847904373065105021e+00
-9.191160083220074606e-01
6.686290871372955191e-01
2.790680952124158232e+00
1.117349853413895699e+00
-1.355535931428248908e-01
0.000000000000000000e+00
-4.926814189623182072e-01
2.224218593780733499e+00
1.741062285454893610e+00
-7.593361613126592413e-01
1.848844912561470544e+00
1.881755923866628155e+00
-7.050365262871463035e-01
-1.960829108376893962e-02
-1.906646456363589426e+00
-3.265790006763405806e+00
3.161919566003609239e-01
5.644819941212657621e-01
2.859619436917202329e+00
-3.490271457925867710e-02
1.050241120860753830e+00
3.635516850122209043e-01
7.153340491092001763e-01
1.156023034120643861e-01
-1.296078826153158836e+00
-2.906759799334124664e-02
-1.282412662614149879e+00
4.539333006529874259e-01
2.209283273825104921e+00
2.496855204299881503e+00
1.589188041477398228e+00
2.667628303005393775e+00
5.384174989742622763e-01
1.139669856670322945e+00
0.000000000000000000e+00
-8.818590082667401298e-01
3.357176533494281578e-01
7.168292439762601331e-01
2.610083961324251023e-01
-5.836071933436904891e-01
0.000000000000000000e+00
0.000000000000000000e+00
-1.460028224409821718e+00
6.559431053379067400e+00
3.026810802027715130e+00
7.412176163595380896e-01
3.005971824336681752e-01
2.255137088063824402e-01
-8.431213435372892917e-01
-1.720838664776138394e-01
4.373143286440298039e-01
4.980129973464141324e-01
-1.239330641476401040e-01
0.000000000000000000e+00
7.901397733797977940e-01
0.000000000000000000e+00
-7.106226252150054101e-01
-4.612825097233425597e-01
1.726586317738253440e+00
-3.651449362469050275e-01
3.963515842342394402e-01
-2.710894359837285883e-01
-1.479128432275763183e+00
1.797179783045165791e-01
1.371018270174291676e+00
2.089571944000706782e+00
1.496521185070081306e-01
-3.183272615277205064e-01
3.117985440109153572e+00
0.000000000000000000e+00
1.461699316299153173e+00
0.000000000000000000e+00
-4.076656563098732255e-03
0.000000000000000000e+00
6.654090131857930412e-01
2.816981717928368045e+00
1.037631179296774731e+00
0.000000000000000000e+00
3.971888553289816826e-01
-8.407981391265641202e-02
-4.730098559288730131e-01
7.117421546212646666e-01
4.282782757719529876e-01
1.637286640879064725e+00
1.580505615922673357e+00
-1.451996076098093225e+00
1.563240530082394386e+00
7.060362078336123543e-04
2.152969299076166632e+00
3.443268472430832894e+00
7.690585714781315030e-01
1.462731123039469061e+00
-8.148420913955223277e-01
1.615233059688430117e+00
1.356069724125270048e-01
1.245712359808486713e+00
6.539864688537557313e+00
1.174615922794280287e+00
-8.485868343722706708e-01
-5.625415400698333679e-01
3.451407211936357022e-01
1.531926377505033743e-01
-7.032820277202805892e-02
-1.142446185288860036e-02
-1.905287578375062726e-02
-6.395763197459967131e-01
-1.438390251519347518e-01
-1.240675655661622523e+00
2.410517394035104621e-01
4.756577530890074290e-01
6.524892937999862141e-01
-4.724071559238992024e-01
0.000000000000000000e+00
-4.106162481106777062e-01
1.719197377102230917e-01
8.765494146026379108e-01
1.292999916751420564e+00
5.189461129800680972e-01
-3.158358407857117522e-01
-6.983360331120720410e-01
-2.551231556507882914e+00
-2.891355947807631721e-01
-9.997446576108628413e-01
-1.159329136685671058e+00
-4.080546614868797439e-01
-2.779315200990336576e-01
-5.898516419948143241e-01
-5.869751722520809983e-02
-3.272181113136175823e-02
-3.789549241867674056e-01
-3.550705459907955719e-01
-1.806274408750280669e+00
-5.459897390464597544e-01
-4.057457136648833784e-01
9.369906470887111316e-02
0.000000000000000000e+00
-3.687770180004570353e-01
-2.121715429637031913e-01
-4.526366809277704295e-01
-2.054087738661334039e-01
-5.111479898239484898e-01
-1.100969227175222720e+00
-1.290915048445776758e+00
-1.068568387167666556e+00
7.109757958792935206e-02
-7.549801250966985400e-01
0.000000000000000000e+00
-7.228470802947929430e-01
2.079139833290574446e-01
-1.532851015042682841e+00
2.707302780923950825e-01
2.885583399008745387e-02
4.136377086119451540e-01
-1.063822099050524939e+00
7.294625559190404118e-02
4.096976796490170991e-01
0.000000000000000000e+00
1.437285305235668290e-02
2.193830152014082380e-01
-1.421844992337018276e-01
-4.271373535313630065e-01
-3.717090206415184506e-01
4.279464093667629809e-01
-4.559740529555001420e-01
0.000000000000000000e+00
1.188276779972253921e-01
-1.031775367079779571e+00
6.793887445911171996e-01
5.009971769202887781e-01
-3.315841149202169436e-01
3.111156082128934131e-01
8.731250807475404718e-02
5.245210282784559253e-01
-3.965842680975424916e-01
1.239226119751142496e+00
0.000000000000000000e+00
1.025986806940025753e+00
1.059963312394361923e+00
3.555068725902623128e-01
-8.558930844239559521e-03
-5.808458343430025206e-01
0.000000000000000000e+00
-5.047538064175490780e-01
0.000000000000000000e+00
2.058184821883251858e-01
0.000000000000000000e+00
3.914418786231681047e+00
1.248624900200296706e+00
-9.832486636820808590e-01
-1.291828453732518422e+00
-4.861204324021089485e-01
-2.179085102747121694e-01
3.661105186551956714e-01
-6.294904063932242611e-02
1.454531603087168556e-01
-1.399332210797899212e-01
0.000000000000000000e+00
-1.709928556920583542e+00
-9.113144189533095130e+00
1.031576768459946969e+01
-5.784828285167731288e+00
1.285460280089548917e+02
0.000000000000000000e+00
0.000000000000000000e+00
2.197939556274425499e+01
0.000000000000000000e+00
0.000000000000000000e+00
0.000000000000000000e+00
-2.928514614813651384e+00
0.000000000000000000e+00
-2.008875709027524081e+01
0.000000000000000000e+00
0.000000000000000000e+00
0.000000000000000000e+00
0.000000000000000000e+00
0.000000000000000000e+00
0.000000000000000000e+00
3.248492202942700402e+01
0.000000000000000000e+00
0.000000000000000000e+00
2.089553725191645484e+01
6.400400714449227735e+01
0.000000000000000000e+00
0.000000000000000000e+00
0.000000000000000000e+00
0.000000000000000000e+00
-2.932686990698933460e+00
0.000000000000000000e+00
0.000000000000000000e+00
0.000000000000000000e+00
1.056447006826140012e+00
0.000000000000000000e+00
-4.158480626012988779e+01
0.000000000000000000e+00
0.000000000000000000e+00
0.000000000000000000e+00
0.000000000000000000e+00
0.000000000000000000e+00
-9.021121252190424045e+00
0.000000000000000000e+00
0.000000000000000000e+00
0.000000000000000000e+00
0.000000000000000000e+00
4.304475929549436586e+00
0.000000000000000000e+00
5.402103840064274465e+01
1.017839232451717457e+01
0.000000000000000000e+00
0.000000000000000000e+00
0.000000000000000000e+00
4.953258524586857448e+00
0.000000000000000000e+00
0.000000000000000000e+00
0.000000000000000000e+00
0.000000000000000000e+00
0.000000000000000000e+00
-4.197370534954652044e+01
-9.247537579695350729e+00
5.435098158863068818e+01
-9.083178809106259521e+00
5.471304757964093568e+01
0.000000000000000000e+00
0.000000000000000000e+00
-6.818803749723946206e-01
0.000000000000000000e+00
-2.425482682922559263e+01
3.761492203451638261e+01
-1.869814031774680863e-01
-1.523676596049787335e+01
0.000000000000000000e+00
0.000000000000000000e+00
0.000000000000000000e+00
0.000000000000000000e+00
0.000000000000000000e+00
2.484461310909677678e+01
0.000000000000000000e+00
0.000000000000000000e+00
0.000000000000000000e+00
-2.845540135670832882e+01
0.000000000000000000e+00
0.000000000000000000e+00
0.000000000000000000e+00
-7.373229750220864354e-01
0.000000000000000000e+00
0.000000000000000000e+00
0.000000000000000000e+00
0.000000000000000000e+00
0.000000000000000000e+00
0.000000000000000000e+00
0.000000000000000000e+00
0.000000000000000000e+00
0.000000000000000000e+00
0.000000000000000000e+00
0.000000000000000000e+00
0.000000000000000000e+00
0.000000000000000000e+00
0.000000000000000000e+00
-3.053630878985092068e+01
0.000000000000000000e+00
0.000000000000000000e+00
0.000000000000000000e+00
-6.045789079634464436e+00
0.000000000000000000e+00
-5.666340576599951717e+00
0.000000000000000000e+00
0.000000000000000000e+00
0.000000000000000000e+00
0.000000000000000000e+00
-6.948203720927703841e+01
-1.889131853979536402e+01
-1.187889021181794291e+01
-6.107018354119780668e+00
0.000000000000000000e+00
-7.507161472159275206e+01
2.094662662175717505e-01
0.000000000000000000e+00
-2.501521955256606589e+01
-1.932689736732720220e+01
-2.439463545673991263e+01
0.000000000000000000e+00
-1.342854350984119982e+01
0.000000000000000000e+00
-4.039407321864346301e+01
0.000000000000000000e+00
0.000000000000000000e+00
0.000000000000000000e+00
6.505946380504732929e+01
0.000000000000000000e+00
0.000000000000000000e+00
0.000000000000000000e+00
0.000000000000000000e+00
-2.245071900137370680e+00
0.000000000000000000e+00
0.000000000000000000e+00
0.000000000000000000e+00
0.000000000000000000e+00
0.000000000000000000e+00
-2.347021965252467091e-01
0.000000000000000000e+00
0.000000000000000000e+00
0.000000000000000000e+00
0.000000000000000000e+00
0.000000000000000000e+00
0.000000000000000000e+00
-1.369333285941247524e+01
0.000000000000000000e+00
0.000000000000000000e+00
0.000000000000000000e+00
0.000000000000000000e+00
0.000000000000000000e+00
0.000000000000000000e+00
0.000000000000000000e+00
0.000000000000000000e+00
0.000000000000000000e+00
0.000000000000000000e+00
0.000000000000000000e+00
0.000000000000000000e+00
0.000000000000000000e+00
0.000000000000000000e+00
0.000000000000000000e+00
0.000000000000000000e+00
0.000000000000000000e+00
0.000000000000000000e+00
0.000000000000000000e+00
0.000000000000000000e+00
0.000000000000000000e+00
0.000000000000000000e+00
0.000000000000000000e+00
-8.984918914924214794e-01
0.000000000000000000e+00
-2.199099971207394866e+00
0.000000000000000000e+00
0.000000000000000000e+00
0.000000000000000000e+00
0.000000000000000000e+00
6.069864248048366662e+00
0.000000000000000000e+00
0.000000000000000000e+00
0.000000000000000000e+00
0.000000000000000000e+00
0.000000000000000000e+00
0.000000000000000000e+00
3.722977761375816819e+00
0.000000000000000000e+00
0.000000000000000000e+00
0.000000000000000000e+00
0.000000000000000000e+00
0.000000000000000000e+00
0.000000000000000000e+00
0.000000000000000000e+00
-1.508316834192835820e+01
0.000000000000000000e+00
0.000000000000000000e+00
0.000000000000000000e+00
0.000000000000000000e+00
0.000000000000000000e+00
0.000000000000000000e+00
0.000000000000000000e+00
0.000000000000000000e+00
0.000000000000000000e+00
0.000000000000000000e+00
0.000000000000000000e+00
0.000000000000000000e+00
0.000000000000000000e+00
0.000000000000000000e+00
0.000000000000000000e+00
0.000000000000000000e+00
0.000000000000000000e+00
0.000000000000000000e+00
0.000000000000000000e+00
0.000000000000000000e+00
0.000000000000000000e+00
0.000000000000000000e+00
0.000000000000000000e+00
0.000000000000000000e+00
0.000000000000000000e+00
0.000000000000000000e+00
0.000000000000000000e+00
0.000000000000000000e+00
0.000000000000000000e+00
0.000000000000000000e+00
0.000000000000000000e+00
-4.868150090492346038e+00
0.000000000000000000e+00
0.000000000000000000e+00
0.000000000000000000e+00
0.000000000000000000e+00
0.000000000000000000e+00
0.000000000000000000e+00
0.000000000000000000e+00
3.748616827093835013e+01
0.000000000000000000e+00
-3.402616972929883588e+01
0.000000000000000000e+00
0.000000000000000000e+00
0.000000000000000000e+00
0.000000000000000000e+00
0.000000000000000000e+00
-1.884323533590962718e+00
0.000000000000000000e+00
0.000000000000000000e+00
0.000000000000000000e+00
0.000000000000000000e+00
1.445576127231949393e+01
0.000000000000000000e+00
0.000000000000000000e+00
0.000000000000000000e+00
0.000000000000000000e+00
-6.556025942483803703e+01
0.000000000000000000e+00
-2.176652901526307105e+01
-1.177995137189447483e+01
-4.183095758506111395e+01
0.000000000000000000e+00
