1.385961051409789202e-01
-9.500691140973631496e-05
-1.490693783424130547e-04
-4.101595888703780523e-05
1.823564960242099199e-05
7.851167045986502897e-09
-2.352899344069338772e-10
-1.335749936072498026e-08
-2.002832277765046243e+00
4.561159319565448733e-01
0.000000000000000000e+00
1.230566213916233442e+00
1.550498142451399497e+00
0.000000000000000000e+00
5.471652677403164411e+00
4.297687538926313167e+00
7.375390400456005580e-02
1.274206516296334968e+00
1.661642884328509595e+00
3.159591860680044384e-01
1.200918072979367812e+00
0.000000000000000000e+00
7.490047022929362530e-01
2.662419796710301600e+00
1.107560631781291605e+00
0.000000000000000000e+00
-6.440229722974961657e-01
7.070050212337880557e-01
7.823488923287659214e-01
8.153052317407896155e-01
-2.119379190521152534e+00
-5.010150697237676365e-01
0.000000000000000000e+00
0.000000000000000000e+00
0.000000000000000000e+00
0.000000000000000000e+00
-6.994981900083867554e-01
8.783063920637568245e-01
-1.190055980710531092e+00
-8.818402890681554807e-01
-1.369916522639159195e+00
-1.436940424204883771e+00
-9.935326507720163569e-01
0.000000000000000000e+00
-1.278305227354287865e+00
-4.388215290392279422e-01
-1.673017969304891328e-01
7.747761140810238700e-01
-7.094036855745828873e-01
-3.457555407194272123e-01
-1.208534098164595338e-01
-4.301762664958495574e-01
-3.051929768348556338e-01
0.000000000000000000e+00
-1.359394360621727360e+00
-4.857053063325655895e-02
-2.806336439988220022e+00
0.000000000000000000e+00
3.615148731348276634e-01
-6.135311586337847956e-02
0.000000000000000000e+00
-1.023509955503409952e+00
0.000000000000000000e+00
-4.450763009146189719e-01
0.000000000000000000e+00
-7.184614059037675027e-01
0.000000000000000000e+00
5.770512369466986868e-01
-1.489681766491112391e+00
1.428107979611455303e+00
2.293281166992842568e+00
-1.385754652390422725e+00
0.000000000000000000e+00
0.000000000000000000e+00
0.000000000000000000e+00
0.000000000000000000e+00
-1.700258847507461146e+00
1.174544171389215297e+00
4.260256792328607212e-01
-8.831328942251460701e-01
0.000000000000000000e+00
-6.575956355908686435e-01
-5.935781931671173517e-01
0.000000000000000000e+00
-3.967610336905978974e-01
1.244561774357954453e+00
-3.002522991818615594e+00
4.833949153032656709e-01
0.000000000000000000e+00
2.335644901761146919e+00
-1.017932220312367075e+00
-1.641447635494803214e-01
-5.030326932581468125e-01
0.000000000000000000e+00
-3.006132538215337546e-01
-1.106380641493845074e+00
-2.311206857993230113e+00
1.343787942502733035e+00
-4.908597901440831524e-01
0.000000000000000000e+00
0.000000000000000000e+00
4.404149200106545869e+00
0.000000000000000000e+00
0.000000000000000000e+00
-1.529630819566410449e-01
-1.660450846787171753e-01
3.125193363866919594e+00
1.384393129954649249e+00
-3.962539800749932395e-01
-2.746847730491370210e-01
2.173752483764301857e-01
-9.842177112600364319e-01
8.179872586287950664e-01
2.969853788415823814e-01
1.025603235784906087e+00
0.000000000000000000e+00
0.000000000000000000e+00
-1.966120539757440777e-01
9.485796251080509389e-01
9.048723507323744863e-01
8.367377167442122676e-01
0.000000000000000000e+00
0.000000000000000000e+00
-1.427278975623361701e-01
0.000000000000000000e+00
0.000000000000000000e+00
0.000000000000000000e+00
2.631630498707808186e-01
7.892610963103647848e-01
5.970956494189118002e-01
2.095053749257186571e+00
0.000000000000000000e+00
0.000000000000000000e+00
0.000000000000000000e+00
0.000000000000000000e+00
0.000000000000000000e+00
0.000000000000000000e+00
0.000000000000000000e+00
3.886222543236817484e-01
1.105191404103832209e+00
0.000000000000000000e+00
1.255241401794959799e+00
0.000000000000000000e+00
0.000000000000000000e+00
0.000000000000000000e+00
0.000000000000000000e+00
0.000000000000000000e+00
2.156136800355509808e-01
2.893456853785837390e-01
0.000000000000000000e+00
-1.074642055563709953e+00
1.342806663252890331e+00
6.296038976593445469e-01
0.000000000000000000e+00
0.000000000000000000e+00
0.000000000000000000e+00
0.000000000000000000e+00
6.613018667051057120e-01
2.831593975473937208e-01
-1.746033625343883788e-01
-3.309535207987589212e-02
0.000000000000000000e+00
0.000000000000000000e+00
1.402397036516252804e+00
2.144209020877202221e+00
5.777641890292971594e-01
0.000000000000000000e+00
0.000000000000000000e+00
0.000000000000000000e+00
-3.393356266421556633e-01
0.000000000000000000e+00
0.000000000000000000e+00
0.000000000000000000e+00
0.000000000000000000e+00
0.000000000000000000e+00
0.000000000000000000e+00
0.000000000000000000e+00
-8.435090874433893715e-01
-1.164739888375846688e-01
0.000000000000000000e+00
0.000000000000000000e+00
0.000000000000000000e+00
0.000000000000000000e+00
0.000000000000000000e+00
0.000000000000000000e+00
0.000000000000000000e+00
0.000000000000000000e+00
0.000000000000000000e+00
0.000000000000000000e+00
-9.632270478961175719e-01
0.000000000000000000e+00
0.000000000000000000e+00
0.000000000000000000e+00
1.780185117623071411e+00
0.000000000000000000e+00
0.000000000000000000e+00
0.000000000000000000e+00
-2.777090013178186712e-01
5.579317566758813518e-01
-8.827386343801518764e-01
-5.591318305650384568e-01
0.000000000000000000e+00
1.450331311234335896e+00
0.000000000000000000e+00
0.000000000000000000e+00
0.000000000000000000e+00
0.000000000000000000e+00
-3.365264184337865561e-01
2.539806127162675065e+00
-2.671588415355592616e+01
0.000000000000000000e+00
0.000000000000000000e+00
0.000000000000000000e+00
7.756516439076932556e-01
0.000000000000000000e+00
0.000000000000000000e+00
6.468797590940773556e-01
9.646083831079059756e-01
0.000000000000000000e+00
0.000000000000000000e+00
0.000000000000000000e+00
0.000000000000000000e+00
0.000000000000000000e+00
0.000000000000000000e+00
4.134862042741894728e-01
0.000000000000000000e+00
0.000000000000000000e+00
0.000000000000000000e+00
0.000000000000000000e+00
0.000000000000000000e+00
0.000000000000000000e+00
2.682498375628470377e+00
0.000000000000000000e+00
2.836157098613043992e+00
0.000000000000000000e+00
0.000000000000000000e+00
0.000000000000000000e+00
0.000000000000000000e+00
2.654731031796601304e+00
0.000000000000000000e+00
7.017045587643042648e-01
0.000000000000000000e+00
0.000000000000000000e+00
0.000000000000000000e+00
0.000000000000000000e+00
0.000000000000000000e+00
0.000000000000000000e+00
0.000000000000000000e+00
0.000000000000000000e+00
0.000000000000000000e+00
0.000000000000000000e+00
0.000000000000000000e+00
0.000000000000000000e+00
0.000000000000000000e+00
0.000000000000000000e+00
0.000000000000000000e+00
0.000000000000000000e+00
3.247800871666629519e+01
1.004001965835759336e+01
0.000000000000000000e+00
0.000000000000000000e+00
0.000000000000000000e+00
0.000000000000000000e+00
0.000000000000000000e+00
0.000000000000000000e+00
1.983794706518388740e+00
1.017510952118683036e+02
0.000000000000000000e+00
0.000000000000000000e+00
4.955959996944677926e+00
0.000000000000000000e+00
0.000000000000000000e+00
0.000000000000000000e+00
0.000000000000000000e+00
0.000000000000000000e+00
7.234538820997094000e-01
0.000000000000000000e+00
0.000000000000000000e+00
0.000000000000000000e+00
0.000000000000000000e+00
6.078575188353831038e+00
2.923198098986799387e+00
0.000000000000000000e+00
-2.500401683210592196e+01
0.000000000000000000e+00
6.690174438080315200e-03
5.969897435526043239e+00
0.000000000000000000e+00
0.000000000000000000e+00
5.828242900002704729e+00
0.000000000000000000e+00
0.000000000000000000e+00
0.000000000000000000e+00
0.000000000000000000e+00
0.000000000000000000e+00
0.000000000000000000e+00
0.000000000000000000e+00
4.511561818722188200e+00
0.000000000000000000e+00
6.049920028604782729e+00
0.000000000000000000e+00
0.000000000000000000e+00
0.000000000000000000e+00
0.000000000000000000e+00
0.000000000000000000e+00
5.126844659613468691e-01
0.000000000000000000e+00
9.096287329781113096e-01
1.288868372590457057e+01
1.857302816585989280e+00
0.000000000000000000e+00
1.262353575859444188e+00
8.766079173149016412e+00
1.647987123597637105e+00
0.000000000000000000e+00
1.819980526000225529e+00
6.819214005500817688e-01
1.782167404765018892e+00
1.035600145900552160e+00
1.497501587238156961e+00
0.000000000000000000e+00
2.175750012866679572e+00
0.000000000000000000e+00
5.176545849977917113e-01
4.323520753055471455e-01
1.554366536516166963e+00
4.694418230316727003e-01
1.992459304996659464e+00
1.306307236309363073e-01
2.213038748026522562e+00
0.000000000000000000e+00
0.000000000000000000e+00
0.000000000000000000e+00
0.000000000000000000e+00
0.000000000000000000e+00
0.000000000000000000e+00
0.000000000000000000e+00
0.000000000000000000e+00
0.000000000000000000e+00
0.000000000000000000e+00
0.000000000000000000e+00
0.000000000000000000e+00
0.000000000000000000e+00
0.000000000000000000e+00
0.000000000000000000e+00
0.000000000000000000e+00
0.000000000000000000e+00
0.000000000000000000e+00
0.000000000000000000e+00
0.000000000000000000e+00
0.000000000000000000e+00
0.000000000000000000e+00
0.000000000000000000e+00
0.000000000000000000e+00
0.000000000000000000e+00
0.000000000000000000e+00
0.000000000000000000e+00
0.000000000000000000e+00
0.000000000000000000e+00
0.000000000000000000e+00
0.000000000000000000e+00
0.000000000000000000e+00
0.000000000000000000e+00
0.000000000000000000e+00
0.000000000000000000e+00
0.000000000000000000e+00
0.000000000000000000e+00
0.000000000000000000e+00
0.000000000000000000e+00
0.000000000000000000e+00
0.000000000000000000e+00
0.000000000000000000e+00
0.000000000000000000e+00
0.000000000000000000e+00
0.000000000000000000e+00
0.000000000000000000e+00
0.000000000000000000e+00
0.000000000000000000e+00
0.000000000000000000e+00
0.000000000000000000e+00
0.000000000000000000e+00
0.000000000000000000e+00
0.000000000000000000e+00
0.000000000000000000e+00
0.000000000000000000e+00
0.000000000000000000e+00
0.000000000000000000e+00
0.000000000000000000e+00
0.000000000000000000e+00
0.000000000000000000e+00
0.000000000000000000e+00
0.000000000000000000e+00
0.000000000000000000e+00
0.000000000000000000e+00
0.000000000000000000e+00
0.000000000000000000e+00
0.000000000000000000e+00
0.000000000000000000e+00
0.000000000000000000e+00
0.000000000000000000e+00
-4.664334303614247546e+01
0.000000000000000000e+00
0.000000000000000000e+00
0.000000000000000000e+00
0.000000000000000000e+00
0.000000000000000000e+00
0.000000000000000000e+00
0.000000000000000000e+00
0.000000000000000000e+00
0.000000000000000000e+00
0.000000000000000000e+00
0.000000000000000000e+00
0.000000000000000000e+00
0.000000000000000000e+00
0.000000000000000000e+00
0.000000000000000000e+00
0.000000000000000000e+00
0.000000000000000000e+00
0.000000000000000000e+00
0.000000000000000000e+00
0.000000000000000000e+00
0.000000000000000000e+00
0.000000000000000000e+00
0.000000000000000000e+00
0.000000000000000000e+00
0.000000000000000000e+00
0.000000000000000000e+00
0.000000000000000000e+00
0.000000000000000000e+00
0.000000000000000000e+00
0.000000000000000000e+00
0.000000000000000000e+00
0.000000000000000000e+00
0.000000000000000000e+00
0.000000000000000000e+00
0.000000000000000000e+00
0.000000000000000000e+00
0.000000000000000000e+00
0.000000000000000000e+00
0.000000000000000000e+00
0.000000000000000000e+00
0.000000000000000000e+00
0.000000000000000000e+00
0.000000000000000000e+00
0.000000000000000000e+00
0.000000000000000000e+00
0.000000000000000000e+00
0.000000000000000000e+00
0.000000000000000000e+00
0.000000000000000000e+00
0.000000000000000000e+00
0.000000000000000000e+00
0.000000000000000000e+00
0.000000000000000000e+00
0.000000000000000000e+00
0.000000000000000000e+00
0.000000000000000000e+00
0.000000000000000000e+00
0.000000000000000000e+00
0.000000000000000000e+00
0.000000000000000000e+00
0.000000000000000000e+00
0.000000000000000000e+00
8.526178324090812666e+00
